07011301	1120121861	66.41 	78.13 
07011301	1120131743	72.20 	84.94 
07011301	1120131744	52.46 	61.72 
07011301	1120131745	57.24 	67.34 
07011301	1120131746	64.32 	75.67 
07011301	1120131747	69.35 	81.58 
07011301	1120131748	70.96 	83.48 
07011301	1120131749	63.85 	75.12 
07011301	1120131750	64.01 	75.30 
07011301	1120131751	67.31 	79.18 
07011301	1120131752	70.78 	83.27 
07011301	1120131753	66.19 	77.87 
07011301	1120131754	64.32 	75.67 
07011301	1120131755	59.40 	69.88 
07011301	1120131756	59.12 	69.55 
07011301	1120131757	65.44 	76.98 
07011301	1120131758	54.91 	64.60 
07011301	1120131759	68.04 	80.05 
07011301	1120131760	57.55 	67.70 
07011301	1120131761	70.14 	82.52 
07011301	1120131762	69.65 	81.94 
07011301	1120131763	63.98 	75.27 
07011301	1120131764	62.74 	73.82 
07011301	1120131765	63.34 	74.52 
07011301	1120131766	60.02 	70.62 
07011301	1120131767	64.13 	75.45 
07011301	1120131768	65.01 	76.48 
07011301	1120131769	58.99 	69.40 
07011301	1120131770	71.15 	83.70 
07011301	1120131771	61.87 	72.78 
07011301	1120131772	45.55 	53.58 
07011301	1120131773	63.14 	74.28 
07011302	1120131774	67.55 	79.47 
07011302	1120131775	62.87 	73.97 
07011302	1120131776	60.96 	71.72 
07011302	1120131777	64.53 	75.92 
07011302	1120131778	65.99 	77.63 
07011302	1120131779	65.52 	77.08 
07011302	1120131780	54.34 	63.93 
07011302	1120131781	62.87 	73.97 
07011302	1120131782	65.46 	77.02 
07011302	1120131783	71.27 	83.85 
07011302	1120131785	69.76 	82.07 
07011302	1120131786	71.37 	83.97 
07011302	1120131787	53.65 	63.12 
07011302	1120131788	63.50 	74.70 
07011302	1120131789	65.12 	76.62 
07011302	1120131790	70.68 	83.15 
07011302	1120131791	58.62 	68.97 
07011302	1120131792	62.15 	73.12 
07011302	1120131793	62.33 	73.33 
07011302	1120131794	66.78 	78.57 
07011302	1120131796	71.02 	83.55 
07011302	1120131797	69.67 	81.97 
07011302	1129131798	66.20 	77.88 
07011302	1120131799	54.71 	64.37 
07011302	1120131800	57.90 	68.12 
07011302	1120131801	67.56 	79.48 
07011302	1120131802	65.21 	76.72 
07011302	1120131803	61.44 	72.28 
07011302	1120131804	64.37 	75.73 
07011303	1120131805	71.56 	84.18 
07011303	1120131806	69.30 	81.53 
07011303	1120131807	73.54 	86.52 
07011303	1120131808	65.12 	76.62 
07011303	1120131809	57.56 	67.72 
07011303	1120131810	63.59 	74.82 
07011303	1120131811	61.38 	72.22 
07011303	1120131812	62.16 	73.13 
07011303	1120131813	65.86 	77.48 
07011303	1120131814	58.69 	69.05 
07011303	1120131815	66.48 	78.22 
07011303	1120131817	61.27 	72.08 
07011303	1120131818	69.76 	82.07 
07011303	1120131819	65.37 	76.90 
07011303	1120131820	53.61 	63.07 
07011303	1120131821	64.93 	76.38 
07011303	1120131822	65.80 	77.41 
07011303	1120131823	63.85 	75.12 
07011303	1120131824	70.86 	83.37 
07011303	1120131825	65.37 	76.90 
07011303	1120131826	58.55 	68.88 
07011303	1120131827	60.22 	70.85 
07011303	1120131828	42.47 	49.97 
07011303	1120131829	67.02 	78.85 
07011303	1120131830	64.46 	75.83 
07011303	1120131831	73.71 	86.72 
07011303	1120131832	61.55 	72.42 
07011303	1120131833	34.92 	41.08 
07011303	1120131834	63.17 	74.32 
07011304	1120131835	63.99 	75.28 
07011304	1120131837	60.31 	70.95 
07011304	1120131838	72.15 	84.88 
07011304	1120131839	65.80 	77.42 
07011304	1120131840	62.96 	74.07 
07011304	1120131841	65.62 	77.20 
07011304	1120131842	68.99 	81.17 
07011304	1120131843	63.45 	74.65 
07011304	1120131844	59.22 	69.67 
07011304	1120131845	71.02 	83.55 
07011304	1120131846	66.67 	78.43 
07011304	1120131847	59.94 	70.52 
07011304	1120131848	69.97 	82.32 
07011304	1120131849	67.08 	78.92 
07011304	1120131850	66.26 	77.95 
07011304	1120131851	68.09 	80.10 
07011304	1120131852	70.48 	82.92 
07011304	1120131853	67.41 	79.30 
07011304	1120131854	53.31 	62.72 
07011304	1120131855	60.00 	70.58 
07011304	1120131856	63.96 	75.25 
07011304	1120131857	68.57 	80.67 
07011304	1120131858	58.34 	68.63 
07011304	1120131859	59.50 	70.00 
07011304	1120131861	53.85 	63.35 
07011304	1120131862	62.66 	73.72 
07011304	1120131863	61.16 	71.95 
07011304	1120131864	67.86 	79.83 
07011305	1120131865	68.13 	80.15 
07011305	1120131866	63.30 	74.47 
07011305	1120131867	72.34 	85.11 
07011305	1120131868	70.51 	82.95 
07011305	1120131869	57.25 	67.35 
07011305	1120131870	59.90 	70.47 
07011305	1120131871	68.21 	80.25 
07011305	1120131872	66.60 	78.35 
07011305	1120131873	66.27 	77.97 
07011305	1120131874	71.91 	84.60 
07011305	1120131875	67.72 	79.67 
07011305	1120131876	69.36 	81.60 
07011305	1120131877	65.99 	77.63 
07011305	1120131878	67.19 	79.05 
07011305	1120131879	67.69 	79.63 
07011305	1120131880	68.50 	80.59 
07011305	1120131882	65.01 	76.48 
07011305	1120131883	65.31 	76.83 
07011305	1120131884	62.43 	73.44 
07011305	1120131885	49.34 	58.05 
07011305	1120131886	53.62 	63.08 
07011305	1120131887	68.72 	80.85 
07011305	1120131888	64.59 	75.98 
07011305	1120131889	66.88 	78.68 
07011305	1120131890	63.45 	74.65 
07011305	1120131891	64.20 	75.53 
07011305	1120131892	61.00 	71.77 
07011305	1120131893	68.16 	80.18 
07011305	1120131894	66.12 	77.78 
07011306	1120131895	61.67 	72.55 
07011306	1120131896	70.17 	82.55 
07011306	1120131897	60.45 	71.12 
07011306	1120131898	62.16 	73.13 
07011306	1120131899	63.89 	75.17 
07011306	1120131901	64.47 	75.85 
07011306	1120131902	62.05 	73.00 
07011306	1120131903	65.38 	76.92 
07011306	1120131904	72.56 	85.37 
07011306	1120131905	63.59 	74.82 
07011306	1120131906	65.89 	77.52 
07011306	1120131907	60.48 	71.15 
07011306	1120131908	72.20 	84.94 
07011306	1120131909	66.27 	77.97 
07011306	1120131910	67.94 	79.93 
07011306	1120131911	65.69 	77.28 
07011306	1120131912	65.96 	77.60 
07011306	1120131913	46.77 	55.02 
07011306	1120131914	68.58 	80.68 
07011306	1120131915	72.56 	85.37 
07011306	1120131916	73.47 	86.43 
07011306	1120131917	58.81 	69.18 
07011306	1120131918	53.49 	62.93 
07011306	1120131919	54.43 	64.03 
07011306	1120131920	56.45 	66.42 
07011306	1120131921	69.77 	82.08 
07011306	1120131924	64.97 	76.43 
07011307	1120131925	69.57 	81.85 
07011307	1120131926	60.15 	70.77 
07011307	1120131927	63.65 	74.88 
07011307	1120131928	71.40 	84.00 
07011307	1120131929	70.05 	82.42 
07011307	1120131930	63.07 	74.20 
07011307	1120131931	60.78 	71.50 
07011307	1120131932	71.26 	83.83 
07011307	1120131933	69.54 	81.82 
07011307	1120131934	69.49 	81.75 
07011307	1120131935	64.30 	75.65 
07011307	1120131936	70.65 	83.12 
07011307	1120131937	64.64 	76.05 
07011307	1120131938	63.50 	74.70 
07011307	1120131939	70.82 	83.32 
07011307	1120131940	62.45 	73.47 
07011307	1120131941	72.99 	85.87 
07011307	1120131942	63.45 	74.65 
07011307	1120131943	72.17 	84.90 
07011307	1120131944	67.41 	79.30 
07011307	1120131945	53.55 	63.00 
07011307	1120131946	74.25 	87.35 
07011307	1120131947	64.01 	75.30 
07011307	1120131948	68.75 	80.88 
07011307	1120131949	62.70 	73.77 
07011307	1120131950	67.22 	79.08 
07011307	1120131952	48.65 	57.24 
07011307	1120131953	70.08 	82.45 
07011307	1120131954	72.18 	84.92 
07011308	1120131955	73.35 	86.30 
07011308	1120131956	53.07 	62.43 
07011308	1120131957	71.92 	84.62 
07011308	1120131958	60.46 	71.13 
07011308	1120131959	63.41 	74.60 
07011308	1120131960	64.35 	75.70 
07011308	1120131961	62.94 	74.05 
07011308	1120131962	73.04 	85.93 
07011308	1120131963	70.81 	83.30 
07011308	1120131964	61.36 	72.18 
07011308	1120131965	53.37 	62.78 
07011308	1120131966	60.51 	71.18 
07011308	1120131967	65.66 	77.25 
07011308	1120131968	72.92 	85.78 
07011308	1120131969	59.10 	69.53 
07011308	1120131970	67.16 	79.02 
07011308	1120131971	74.00 	87.06 
07011308	1120131972	65.58 	77.15 
07011308	1120131973	65.03 	76.50 
07011308	1120131974	66.80 	78.58 
07011308	1120131975	69.94 	82.28 
07011308	1120131976	73.44 	86.40 
07011308	1120131977	70.31 	82.72 
07011308	1120131978	64.53 	75.92 
07011308	1120131979	64.80 	76.23 
07011308	1120131980	72.13 	84.85 
07011308	1120131981	55.31 	65.07 
07011308	1120131982	64.50 	75.88 
07011308	1120131983	75.42 	88.73 
07011308	1120131984	61.67 	72.55 
