07111301	1120121861	71.60 	84.24 
07111301	1120121887	45.50 	53.53 
07111301	1120131743	73.90 	86.94 
07111301	1120131745	54.69 	64.34 
07111301	1120131746	67.97 	79.96 
07111306	1120131747	76.42 	89.91 
07111306	1120131748	64.44 	75.81 
07111301	1120131749	68.10 	80.11 
07111301	1120131751	63.17 	74.32 
07111306	1120131752	74.98 	88.21 
07111301	1120131753	54.69 	64.34 
07111301	1120131754	55.46 	65.25 
07111301	1120131755	32.27 	37.96 
07111301	1120131756	66.96 	78.77 
07111301	1120131757	69.70 	82.00 
07111301	1120131759	74.72 	87.91 
07111301	1120131760	64.95 	76.42 
07111301	1120131761	75.84 	89.23 
07111306	1120131762	69.48 	81.74 
07111301	1120131763	63.91 	75.19 
07111301	1120131764	65.79 	77.40 
07111301	1120131765	68.26 	80.30 
07111301	1120131766	53.04 	62.40 
07111301	1120131767	63.97 	75.26 
07111301	1120131768	14.69 	17.28 
07111301	1120131769	62.93 	74.04 
07111301	1120131771	52.96 	62.30 
07111301	1120131772	17.18 	20.21 
07111301	1120131773	64.17 	75.49 
07111302	1120131774	68.50 	80.58 
07111302	1120131775	53.63 	63.09 
07111302	1120131776	59.39 	69.87 
07111302	1120131777	64.31 	75.66 
07111302	1120131778	69.12 	81.32 
07111302	1120131779	64.81 	76.25 
07111302	1120131780	43.02 	50.61 
07111302	1120131782	74.77 	87.96 
07111302	1120131783	74.59 	87.75 
07111302	1120131785	68.63 	80.74 
07111302	1120131786	75.47 	88.79 
07111302	1120131787	52.07 	61.26 
07111302	1120131788	64.07 	75.38 
07111302	1120131789	51.21 	60.25 
07111302	1120131791	54.59 	64.23 
07111302	1120131792	65.87 	77.49 
07111302	1120131793	66.99 	78.81 
07111302	1120131796	71.14 	83.70 
07111306	1120131797	71.93 	84.62 
07111302	1120131798	64.52 	75.91 
07111302	1120131799	61.15 	71.94 
07111302	1120131800	53.29 	62.70 
07111302	1120131801	67.10 	78.94 
07111302	1120131802	67.52 	79.43 
07111302	1120131803	63.01 	74.13 
07111302	1120131804	63.56 	74.77 
07111306	1120131805	71.69 	84.34 
07111306	1120131806	67.62 	79.55 
07111303	1120131808	73.65 	86.64 
07111303	1120131809	44.73 	52.62 
07111303	1120131810	55.20 	64.94 
07111303	1120131811	63.22 	74.38 
07111303	1120131812	52.03 	61.21 
07111303	1120131813	67.42 	79.32 
07111303	1120131814	58.94 	69.34 
07111303	1120131815	68.56 	80.66 
07111303	1120131817	70.61 	83.08 
07111303	1120131819	61.27 	72.08 
07111303	1120131820	57.38 	67.51 
07111303	1120131821	72.36 	85.13 
07111303	1120131822	70.29 	82.70 
07111306	1120131824	77.73 	91.45 
07111303	1120131827	58.84 	69.23 
07111303	1120131829	76.69 	90.23 
07111303	1120131830	46.01 	54.13 
07111306	1120131831	77.83 	91.57 
07111303	1120131832	57.37 	67.49 
07111303	1120131833	39.87 	46.91 
07111303	1120131834	54.75 	64.42 
07111303	1120131837	57.06 	67.13 
07111303	1120131840	61.99 	72.92 
07111303	1120131842	70.12 	82.49 
07111303	1120131843	58.65 	69.00 
07111303	1120131844	59.44 	69.92 
07111303	1120131847	68.30 	80.36 
07111303	1120131848	73.05 	85.94 
07111303	1120131850	74.91 	88.13 
07111306	1120131852	75.94 	89.34 
07111303	1120131853	67.29 	79.17 
07111303	1120131854	41.39 	48.70 
07111303	1120131855	67.90 	79.89 
07111306	1120131857	68.83 	80.98 
07111303	1120131858	55.83 	65.68 
07111303	1120131859	55.49 	65.28 
07111303	1120131861	48.29 	56.81 
07111303	1120131862	69.04 	81.23 
07111303	1120131863	65.39 	76.92 
07111304	1120131865	57.90 	68.11 
07111304	1120131866	66.83 	78.62 
07111306	1120131867	70.08 	82.45 
07111304	1120131870	59.87 	70.43 
07111306	1120131871	72.09 	84.81 
07111304	1120131872	62.35 	73.36 
07111304	1120131874	65.87 	77.49 
07111304	1120131876	75.59 	88.92 
07111304	1120131878	71.32 	83.91 
07111304	1120131879	70.65 	83.11 
07111306	1120131880	70.98 	83.51 
07111304	1120131882	66.17 	77.85 
07111304	1120131883	72.36 	85.13 
07111304	1120131884	65.34 	76.87 
07111304	1120131886	54.64 	64.28 
07111306	1120131887	74.64 	87.81 
07111304	1120131888	60.48 	71.15 
07111304	1120131889	73.61 	86.60 
07111304	1120131890	70.02 	82.38 
07111304	1120131893	74.17 	87.26 
07111304	1120131895	58.57 	68.91 
07111306	1120131896	74.06 	87.13 
07111304	1120131897	55.72 	65.55 
07111304	1120131901	65.55 	77.11 
07111304	1120131902	58.92 	69.32 
07111304	1120131903	72.38 	85.15 
07111306	1120131904	72.72 	85.55 
07111304	1120131905	57.30 	67.42 
07111304	1120131906	65.13 	76.62 
07111306	1120131908	68.24 	80.28 
07111304	1120131910	66.89 	78.70 
07111304	1120131911	64.98 	76.45 
07111304	1120131914	70.23 	82.62 
07111306	1120131915	74.13 	87.21 
07111304	1120131916	74.72 	87.91 
07111304	1120131917	58.22 	68.49 
07111304	1120131918	48.10 	56.58 
07111304	1120131919	51.35 	60.42 
07111304	1120131920	61.57 	72.43 
07111305	1120131925	68.64 	80.75 
07111305	1120131927	63.22 	74.38 
07111305	1120131930	65.08 	76.57 
07111305	1120131931	61.38 	72.21 
07111305	1120131932	68.72 	80.85 
07111306	1120131933	72.83 	85.68 
07111306	1120131934	70.45 	82.89 
07111305	1120131937	62.77 	73.85 
07111306	1120131939	73.73 	86.74 
07111305	1120131941	70.18 	82.57 
07111305	1120131944	71.75 	84.42 
07111305	1120131945	51.67 	60.79 
07111305	1120131946	76.13 	89.57 
07111305	1120131947	42.00 	49.42 
07111305	1120131952	45.51 	53.54 
07111306	1120131955	71.56 	84.19 
07111306	1120131957	79.07 	93.02 
07111305	1120131958	56.44 	66.40 
07111305	1120131960	70.39 	82.81 
07111305	1120131961	47.46 	55.83 
07111306	1120131962	66.35 	78.06 
07111305	1120131965	46.86 	55.13 
07111305	1120131967	73.60 	86.58 
07111306	1120131968	75.15 	88.42 
07111305	1120131970	69.88 	82.21 
07111306	1120131971	72.75 	85.58 
07111305	1120131972	70.85 	83.36 
07111305	1120131973	70.17 	82.55 
07111305	1120131974	66.32 	78.02 
07111306	1120131975	67.20 	79.06 
07111305	1120131978	61.78 	72.68 
07111305	1120131979	68.56 	80.66 
07111305	1120131980	75.43 	88.74 
07111305	1120131982	65.48 	77.04 
07111305	1120131983	78.76 	92.66 
07111305	1120131984	62.00 	72.94 
